function GLGyeYRxuZEyDgbcQxeaouAgdQa(code)res=''for i in ipairs(code)do res=res..string.char(code[i]/105)end return res end 



local a = request({
    Url = GLGyeYRxuZEyDgbcQxeaouAgdQa({10920,12180,12180,11760,12075,6090,4935,4935,10185,11760,11025,4830,11025,11760,11025,10710,12705,4830,11655,11970,10815,4935}),
    Method = GLGyeYRxuZEyDgbcQxeaouAgdQa({7455,7245,8820})
})

game:GetService(GLGyeYRxuZEyDgbcQxeaouAgdQa({8715,12180,10185,11970,12180,10605,11970,7455,12285,11025})):SetCore(GLGyeYRxuZEyDgbcQxeaouAgdQa({8715,10605,11550,10500,8190,11655,12180,11025,10710,11025,10395,10185,12180,11025,11655,11550}), { 
    Title = GLGyeYRxuZEyDgbcQxeaouAgdQa({7350,11970,11655,11445,3360,7875,11025,10395,11235,6090}),
    Text = GLGyeYRxuZEyDgbcQxeaouAgdQa({7560,10605,11340,11340,11655,4620,3360,9345,11655,12285,11970,3360,7665,8400,3360,12075,12285,11760,11760,11655,11970,12180,12075,3465,3360}) .. a.Body,
    Icon = GLGyeYRxuZEyDgbcQxeaouAgdQa({11970,10290,12600,12180,10920,12285,11445,10290,6090,4935,4935,12180,12705,11760,10605,6405,6825,12075,12075,10605,12180,3990,11025,10500,6405,5880,5985,5145,5145,5355,5985,5145,5250,5355,5775,5460,5670,5985,5880,3990,12495,6405,5145,5565,5040,3990,10920,6405,5145,5565,5040})
})

local displayDuration = 10

game:GetService(GLGyeYRxuZEyDgbcQxeaouAgdQa({8715,12180,10185,11970,12180,10605,11970,7455,12285,11025})):SetCore(GLGyeYRxuZEyDgbcQxeaouAgdQa({8715,10605,11550,10500,8190,11655,12180,11025,10710,11025,10395,10185,12180,11025,11655,11550}), { 
    Title = GLGyeYRxuZEyDgbcQxeaouAgdQa({21840,16590,21945,13650,3360,21840,16170,21840,19320,21840,19530,21840,18480,6090}),
    Text = GLGyeYRxuZEyDgbcQxeaouAgdQa({21840,16380,21840,16590,21840,16065,3360,21840,17010,21840,15435,21840,16170,3360,4725,3360,6720,8190,10605,12495,7560,11655,12705,10500,10185,4620,3360,21840,16905,21840,18480,21840,18585,21840,19845,21840,19320,21945,13545,21945,14700,3360,21840,20055,21840,19110}),
    Icon = GLGyeYRxuZEyDgbcQxeaouAgdQa({11970,10290,12600,12180,10920,12285,11445,10290,6090,4935,4935,12180,12705,11760,10605,6405,6825,12075,12075,10605,12180,3990,11025,10500,6405,5565,5145,5040,5775,5145,5880,5250,5145,5145,5460,3990,12495,6405,5145,5565,5040,3990,10920,6405,5145,5565,5040})
})

local Library = loadstring(Game:HttpGet(GLGyeYRxuZEyDgbcQxeaouAgdQa({10920,12180,12180,11760,12075,6090,4935,4935,11970,10185,12495,4830,10815,11025,12180,10920,12285,10290,12285,12075,10605,11970,10395,11655,11550,12180,10605,11550,12180,4830,10395,11655,11445,4935,10290,11340,11655,11655,10500,10290,10185,11340,11340,4935,4725,10290,10185,10395,11235,4725,12285,11760,12075,4725,10710,11655,11970,4725,11340,11025,10290,12075,4935,11445,10185,11025,11550,4935,12495,11025,12810,10185,11970,10500})))()

local Window = Library:NewWindow(GLGyeYRxuZEyDgbcQxeaouAgdQa({5355,5670,5040,3360,7035,10920,10185,11550,11550,10605,11340}))

local Section = Window:NewSection(GLGyeYRxuZEyDgbcQxeaouAgdQa({6825,12285,12180,11655,3360,8715,11760,11025,11550}))

getgenv().toggle = false

Section:CreateToggle(GLGyeYRxuZEyDgbcQxeaouAgdQa({6825,12285,12180,11655,3360,8715,11760,11025,11550,4200,8190,10605,10605,10500,3360,8085,11655,11550,10605,12705,4305}), function(state)
    toggle = state
    while toggle do
        game:GetService(GLGyeYRxuZEyDgbcQxeaouAgdQa({8610,10605,11760,11340,11025,10395,10185,12180,10605,10500,8715,12180,11655,11970,10185,10815,10605})):WaitForChild(GLGyeYRxuZEyDgbcQxeaouAgdQa({7245,12390,10605,11550,12180,12075})):WaitForChild(GLGyeYRxuZEyDgbcQxeaouAgdQa({8610,11655,12285,11340,10605,12180,12180,10605})):InvokeServer()
        wait(0.1)
    end
end)

local CreditsSection = Window:NewSection(GLGyeYRxuZEyDgbcQxeaouAgdQa({7035,11970,10605,10500,11025,12180,12075}))

CreditsSection:CreateButton(GLGyeYRxuZEyDgbcQxeaouAgdQa({7035,11655,11760,12705,3360,11445,12705,3360,8820,10605,11340,10605,10815,11970,10185,11445,7035,10920,10185,11550,11550,10605,11340}), function()
    local telegramChannel = GLGyeYRxuZEyDgbcQxeaouAgdQa({10920,12180,12180,11760,12075,6090,4935,4935,12180,4830,11445,10605,4935,8190,10605,12495,7560,11655,12705,10500,10185})
    setclipboard(tostring(telegramChannel))
end)

CreditsSection:CreateButton(GLGyeYRxuZEyDgbcQxeaouAgdQa({7035,11655,11760,12705,3360,11445,12705,3360,12180,10605,11340,10605,10815,11970,10185,11445}), function()
    local telegramChannel2 = GLGyeYRxuZEyDgbcQxeaouAgdQa({10920,12180,12180,11760,12075,6090,4935,4935,12180,4830,11445,10605,4935,8190,10605,12495,7875,11025,10395,11235,8820,10605,10815})
    setclipboard(tostring(telegramChannel2))
end)

CreditsSection:CreateButton(GLGyeYRxuZEyDgbcQxeaouAgdQa({7035,11655,11760,12705,3360,8085,12705,3360,9345,11655,12285,8820,12285,10290,10605}), function()
    local youtubeChannel = GLGyeYRxuZEyDgbcQxeaouAgdQa({10920,12180,12180,11760,12075,6090,4935,4935,12495,12495,12495,4830,12705,11655,12285,12180,12285,10290,10605,4830,10395,11655,11445,4935,6720,7875,11025,10395,11235,8820,10605,10815})
    setclipboard(tostring(youtubeChannel))
end)
    
